6388514
22436300
18537567
13211699
13220892
13238659
24447989
14609515
13204326
18060417
9031181
22432368
22269751
15172515
22269795
14399057
3714315
14399074
14399077
22346168
14367269
22487098
22319170
22319171
14577177
14399061
18060390
18060384
14993358
13239873
13204380
14753989
15080010
24453842
22318978
14394512
14989721
22246199
14639427
7321330
28788695
22318641
22318642
22318643
22269796
23354909
14956117
22444659
14399063
28787127
28787141
22233732
22293981
22262889
15094399
15094400
14398980
22246045
14415575
14071351
22259729
9227801
22235226
13204363
13687378
15027529
28788643
14825721
14624254
15202608
22269664
22319065
14392996
22319066
9316833
9992071
14646338
14424045
23813856
9374685
22229722
14071348
26123300
24381403
22436085
17860729
9296025
14610658
14630342
9239350
14926420
14630357
14630334
14478992
14479010
22240888
14423856
14478968
14478959
14479024
14479048
9852981
16607930
14981750
22316451
22436108
13707988
28802526
14561760
14624294
14479072
13271933
14598808
14933671
14479079
23673867
9350171
23311208
9981785
15558499
9937995
13494176
7717685
14479100
19963306
22419921
23897432
28792932
13268521
17467482
17467467
17467411
23488865
22304778
13294106
7164283
22435876
9311208
13521711
22316647
7307494
19936492
13502130
9311383
22318301
22241361
22299085
22302276
22302653
22232987
22233360
13204205
13717500
22288897
28804383
28818135
22303133
21153096
14435782
14435790
14435792
14435818
22299728
22299844
22435870
13142458
22230508
19048394
13323548
13435187
13142438
13142443
13686963
7534406
22235382
22310538
22299739
22291623
13294119
13142433
28587749
22234486
28793052
13204196
28587738
19436738
14480546
19469877
13687415
7717741
22301589
16494396
22420062
25931596
7643546
13312756
7730475
17275007
22229844
22420067
2824726
22319609
22229834
28816999
28817000
16692095
22232260
22425646
6933361
16692088
19947053
16494398
9981898
16692107
13294025
9220362
59021925
13851646
10012012
13687433
13687807
13687826
9321336
19968557
22229828
22420085
22425174
22425924
13711202
13851655
13687570
9231864
13717866
16505988
28816948
10012071
13804879
13687977
23709848
22309944
22425832
14062811
22259014
26124474
23311204
14436052
13804809
22256872
7307496
15558495
13713916
22257324
9320093
10012098
15799233
19048392
18687682
22299752
22299750
19103890
13851668
16692081
22487541
15226548
18892281
22253868
22253976
22336565
22490457
13435180
19971812
14242418
14242413
22240008
9320413
10012109
28793049
13804902
23415312
10012140
10012141
13307425
22487462
16818679
22318649
15226343
19377439
21152971
24278193
28817559
13268577
16692103
13573108
10012138
22256943
18892280
20000369
16441971
24961157
14711316
14102213
13717184
13301159
13301165
13804788
27782617
13866490
18149590
19978363
15278826
22299777
26134809
18149594
19209917
19209925
19209943
14242408
22261675
22261688
26179808
15226328
15226331
15226335
15226338
13714605
6933386
9207152
22288750
22316424
13722195
22469341
13704254
22458391
17313278
18687686
28802511
14926489
22299774
9850653
9850662
13721754
22295364
19706640
18995241i
22314822
19841099
22460839
6753258
17946919
13573152
21152967
21152862
21152868
22261766
22459019
22459048
22459098
15320664
13715937
25080669
7461466
7136939
22288793
9994759
13301185
15278816
13664772
14609823
21714748
22469209
22469238
22469266
22469280
22443736
9330881
9372135
22461574
22460570
13302072
19986086
14483831
17794253
18283909
22467097
22467126
22467191
16441973
7643541
22307369
21477232
14294241
22251944
2888657
22487366
22261858
22261902
22261913
27232111
14612163
18982587
18982595
22459127
2810003
24600517
21152719
17274963
13711408
13715897
13317375
13833231
13801582
22281790
13728534
13448404
13680834
15226253
22438672
15491978
22802901
22473179
22473273
22473287
17386058
13689668
13851574
9754793
26273216
13268593
22473949
22474043
22477710
22477716
22477751
22477758
18588420
24553622
17192869
22287932
22287951
18372055
18518976
26282891
22287415
22423351
6105265
22460109
15226371
22478089
15810962
18589702
22462613
22462616
22462651
22464022
9850515
9730834
22147821
15255773
22444300
22446727
13435287
17754826
2663712
18128762
22459353
22459365
22459368
13309174
22461050
22459121
22446488
14706275
16394317
17400419
13713862
13717222
7020430
21873491
22464329
7550689
13833192
13833214
28818131
22281789
13833226
13833229
13865916
19431608i
22353065
22436396
18995237
22457412
13664768
13470087
22458150
13866440
22439297
22441176
22441305
22441738
22437841
22438121
22438152
22439953
9843195
23832815
23832820
21138770
22802902
22473255
22469869
14496441
9231987
8640856
13481556
13664774
13664781
13664819
13707865
13674299
13697708
13703724
13703730
13703760
13703802
13704295
14189626
28755129
13405942
13142444
28804016
21285190
13312446
13312452
13312469
22272627
9350228
13309262
17595861
22288585
22460598
6148461
21846452
16378861
15255769
15944592
22259728
19436768
22469243
22469244
28747419
8072140
22255938
21477226
22287229
22287344
22287544
22287924
15620608
22738494
16494359
13494230
14490393
14287205
8546291
23311212
2888849
15818409
22242160
22462538
22462549
22464001
22464007
18067460
8432962
8568432
17281261
15226705
22441018
19423834
21862684
8599944
22483716
13714226
9398589
21262424
8650100
8419806
21398583
13869393
17387296
22472043
9654393
18398895
21835141
17638126
23820418
9832636
7717737
17850011
9832619
22269851
28802514
17467526
9745685
8273411
7048216
7048274
23059939
7136945
22469839
13703988
6129071
19067408
22333946
22487392
22487406
21152731
22270062
22270127
22270162
22436961
9398593
17649187
28801488
25303064
22459063
22459064
22460668
22460746
21407151
22232392
2783738
26320860
22443119
9200936
15477748
3544787
24553539
13405879
22464030
22444706

7907525
14819044
16718627
17655478
21504256
15263361
23076120
9320497
15092757
19500595
17426012
14466994
14515311
21386168
19226189
14515311
17082978
24447124
14667682
21809810
18872157
17307509
7714985
18937648
14025990
17364721
17794254
22268543
9330712
24425335
18789567
16345136
18125760
9521988
14986719
18743553
22262665
14645391
18892277
14641193
8566853
7907524
16718626
17655477
21504255
15263356
23076119
15092756
14819043
8184325
14937823
14496297
17426011
9521986
16809372
14466993
21386167
7405011
24447123
22240960
19500593
17281941
16242632
21464187
22262665
16344400
9320496
17304919
19500150
19372284
14515310
17082977
8379144
16050909
19226188
21477811
19500594
21050838
14612239
17662167
14242365
24836734
14624250
7714984
17781483
7867879
14025988
17817341
18067402
13907832
18892277
14612455
18892276
21520223
18743552
17662167
21809809
7730430
15011302
19500593
19346433
20105742
14610880
14515310
17275757
18718886
17275758
7336683
14645391
8426377
14102794
18718888
16809086
15558431
17414335
17192868
18639018
21477221
14026945
14645390
25954080
14083949
14213757
14612239
17662167
14242365
24836734
14624250
7714984
17781483
7867879
14025988
17817341
18067402
13907832
18892277
14612455
18892276
21520223
18743552
17662167
21809809
7730430
15011302
19500593
19346433
20105742
14610880
14515310
17275757
18718886
17275758
7336683
14645391
8426377
14102794
17278347
18718888
16809086
15558431
17414335
18937647
15011301
16242632
21477811
7053359
15305844
14025562
19842177
17275759
22977539
18872156
14200742
14083949
14466993
18125759
22893305
18392975
18209106
18743553
16050910
8125009
7867879
21464187
19346433
17275758
18392975
16779008
19226188
16345135
18414381
14063145
19500594
6861230
17278273
13907830
26730201
8125010
15752638
18075515
19049470
14213757
13907835
24417007
23234708
17307508
17082977
14881707
18246301
18872250
21464188
22426191
14102275
20105742
7336683
21153016
17441784
21520223
14082047
14213757
18872156
7336683
9519812
18414382
6861230
14612455
21216947
25240985
14200742
25096448
25954081
21665706
18246303
18890564
8125010
14242365
19226188
14025988
7387396
17576243
17441783
18872248
18995241
22209039
28600983
8379145
18581957
20984748
19682355
16050996
19436736
14005952
18393225
26120150
14981830
14025563
7415625
18067401
7717569
17196749
24425342
22893304
14101345
18075514
7832071
26120150
17923746
17299921
24417006
19239050
17056927
17304689
17794159
14026947
22893304
14213759
19438446
8218013
18890563
18890563
23843594
18075514
7832071
8501689
18718203
14025563
17794158
14168641
18067401
14213759
25200847
14168641
19438446
15799177
8501689
8218013
18718203
17794158
18393225
19438446
15799177
15799177
16050996
14025563
17794158
22099633
22893304
14101345
19438446
7832071
19682355
16050996
8501689
19431608
22634857
19418607
21565210
24600513
19739340
22048231
19411914
14667681
17319881
7318491
14200743
20984749
19411915
21050693
18581956
7076853
18354236
27782638
14063146
14102359
16365135
16050998
15226358
14395398
20033098
18690975
8662708
8221229
16809373
14031696
28008237
9307398
8125062
17319971
22209038
22147730
17645490
18392814
18958039
17319880
17196672
7415624
17793822
20659374
21665705
24365069
14981831
14200743
19500151
8501690
15799179
8702810
13907831
15799114
14379561
17196750
16242633
17817342
14612335
19842176
21570707
23272285
23063698
16809474
2807073
16557946
26179746
27842234
14026946
6753316
22634856
24600444
23311147
9521987
7311551
23761608
15055138
14264865
8393534
13814400
21216946
18871633
22562564
25240986
21464771
21620494
16564350
14102276
7053358
25885794
14005951
8333627
18718887
18354164
15305843
15558433
8333626
6226044
17816063
2903232
14407169
8109742
14025989
13523717
7405012
17196545
16860780
13523716
8218120
17242979
6225989
9823411
25096449
18958040
13983546
16809476
14429406
14245212
21477220
7832170
14600822
14466530
21255879
27087610
16298500
20023965
17193768
25994999
17781484
16943619
7775536
21656837
18841279
8650022
21562049
8224156
7508355
8466194
26730202
23114014
17923747
18246302
18972173
9420138
14073654
17864221
13814595
7832170
13452332
21477199
9149548
8218121
22633871
14418140
16583910
13806561
23114014
18246302
9420138
14073654
25096449
24600443
18958038
7775535
18585796
22317674
24071473
21656836
15226248
18972172
19346434
17645489
7274816
18672379
18817020
21505426
2749355
2822740
2822741
6592615
6592616
7058045
7274816
7311335
7750789
8393533
8801381
9880202
13845541
14101346
14245211
14429405
14747534
14747535
15381432
16050997
16134295
16134296
16860781
17480036
17633687
17645489
17923257
18105747
18160863
18817020
18841278
18872031
18924602
18944409
18958038
18972172
19346434
19966688
21367864
21368207
21477198
21505426
22099634
22601452
23272286
23761609
23843595
23994664
24365177
19239051
13572524
6295840
17940886
8466195
14026049
24276307
24522167
25305202
26716246

24600442
25200987
28755137
9654280
9503771
19739341
22235517
16747442
14102795
15810957
7311461
14594998
25727946
16583911
13602380
26152169
18271616
21946434
17668507
9850614
21469244
18115060
19690157
18892206
26495227
23327908
19982555
9855730
27087611
6286964
18892207
13735381
10020511
15810958
21853778
27336117
7137277
20033097
15642276
13704189
13704207
13705300
14116679
16132309
17323269
21432048
27782639
17304921
21797225
17940789
19718086
7717630
21477812
22260315
22093167
8822552
21853779
24461834
7647095
14986718
16809224
15022825
22239128
21050694
13703571
21047372
17120598
7769243
21672391
17507577
16265039
13704268
17923256
13494294
22048230
19225471
22763203
23037438
8379140
16557945
21047371
22008552
22008553
19436766
19567288
17330136
9983924
14435758
17419537
14394873
14930065
23840784
22269023
13829430
17272467
7137201
22469659
22469673
17662168
9307774
22441064
22441069
23341969
21317044
14148015
9399070
20105743
9131518
22426190
17633686
18607365
17940788
19690156
6286963
26152168
15022824
19973337
16868747
18976792
18738808
18588409
8650012
9774442
17234927
18589703
16768504
9227823
9852914
19216573
19436672
22438195
14334339
25885856
22246253
15785857
15641935
24072008
13696044
13697667
22469641
22469642
22469711
22473483
22562563
15055137
16298499
24461833
9030408
8822551
27842235
9995137
17239291
18354237
22228628
18976793
19225470
21505425
19418606
7921535
7867880
18892272
22259222
28008239
14733880
22469829
18868481
9852915
17881316
22438728
7107013
7036580
8967138
18150813
14379562
13410742
22440887
15422969
23394953
9500400
18720059
22046266
17106445
21562790
19973338
3717000
13321939
21477201
24071465
22469979
18370293
17313283
25096548
22446513

# P312
#L165 : not consistently recorded
#L144- : not consistently recorded
15810964
22711460
17534356
22458513
16132308
21837785
24600470
15799178
22884954
26078887
26320880
9852985
7133086
22289157
22289174
22474565
22474572
22474589
22474638
22241673
22241789
22241803
22241807
22241818
22241918
22289167
23427133
13675019
22477840
22262201
22289233


#M222
15658216
16838962
23063699
9149547
16838963
22316953
15658215
22244750
13713726
22260432
22260592
22301220
22301260
17764069
27883520
	# Check these later
19066987

#U152
21253314
16119959
9468170
16061325
17864220
16889916
21406054
20723243
19103894
22475524
22476291
22476294
9850801
9850809
22261558
20801596
18043084
20801596
21779256
9020396
21477763
2888796
14435875
22229426
3544836
22464928
8982048
26179747
16891443
9850623
9850624
15811221
26730272
6911569
24278189
7274817
17094913
23976843
17534388
18128221
2866903
15065695
23869694
    # Same Indel
18556441
18556442
22246669
22103777
14466531
8022265
    # cf. YTree blockID=1126
19683184
19683438
9850337
14937824
13735360
13735362
13735388
22476329
22476381
22476393
22476404
22476419
9361194
16767170
#DF27
8367620
19305555
21779257
17106157
21613126
13701469
9371386
23486629
22815526
18612789
22288668
22477884
22261622
19284019
21464195
22262437
22514178
14436274
23476015
9146920
22471304
22477484
22477518
9764343
28711595
13706379
13706390
13707785
22289192
19372285
22262478
22262502
22262545
13833841
14436209
19358849
18804424
17106156
9320327
17193767
9146871
14753264
15623177
13714719
22465746
22442346
22246861
22228854
22228615
22228712
23654625
22485597
22485634
8481036
18695729
19284024
9958476
16904731
22477047
22477053
22477071
15697090
13983547
28311168
13445261
18354311
19047532
28711615
18115059
18083168
7359769
9850682
9850683
9850687
25307843
28778438
7783680
17534380
18064281
16316400
17509000
19937092
22296941
22296951
20920932
25305197
8742536
16836268
18048724
14246296
7783679
23881750
22299406
18596061
22477427
17543963
28766254
15858245
22289138
9398630
22469677
15626288
2866879
2866886
2866944
18829387
27232112
23532837
22479702
19436742
8413034
2810536
13309239
6895045
22437711
8152097
18639067
13417119
22270101
16019273
18102383
22316427
18236582
22487640
9764344
13405901
10039151
13573033
4874343
22256479
22256496
17278274
22437744
7461441
22226681
24782876
15381433
9398323
9398294
9398286
18103090
22447988
22487215
17106443
18289941
17281942
23019614
22256449
22256455
22234261
22254661
22256399
22270568
22294209
22299808
21152701
9941955
13422511
3407628
22239506
22420098
17056926
14379598
9146921
3407516
25885795
23234709
17362604
22441808
7923823
13405955
18585797
9171749
9774443
22459305
21236243
9398567
2888778
19314710
13309226
19412008